image: apartment1.pgm
resolution: 0.010000
origin: [-13.800000, -12.520000, 0.000000]
negate: 0
occupied_thresh: 0.65
free_thresh: 0.196

